№ x0 x1(lambda1) x2(lambda2) x3(mu1) x4=x1x2x3 x1x2 x2x3 x1x3 x1^2 x2^2 x3^2 t1 t1^ |t1-t1^| (t1-t1^)^2 t2 t2^ |t2-t2^| (t2-t2^)^2
1.0 1.0 1.0 1.0 1.0 1.0 1.0 1.0 0.2 0.2 0.2 0.319092 0.456608 0.137516 0.018911 1.652019 2.297524 0.645505 0.416677
1.0 1.0 1.0 1.0 1.0 1.0 1.0 1.0 0.2 0.2 0.2 0.289546 0.456608 0.167062 0.02791 1.443129 2.297524 0.854395 0.729991
1.0 1.0 1.0 -1.0 -1.0 1.0 -1.0 -1.0 0.2 0.2 0.2 0.362525 0.505437 0.142913 0.020424 2.17132 2.936489 0.765169 0.585484
1.0 1.0 1.0 -1.0 -1.0 1.0 -1.0 -1.0 0.2 0.2 0.2 0.321973 0.505437 0.183464 0.033659 2.038222 2.936489 0.898267 0.806883
1.0 1.0 -1.0 1.0 -1.0 -1.0 -1.0 1.0 0.2 0.2 0.2 0.301594 0.481844 0.18025 0.03249 1.276662 2.07006 0.793398 0.62948
1.0 1.0 -1.0 1.0 -1.0 -1.0 -1.0 1.0 0.2 0.2 0.2 0.340725 0.481844 0.141118 0.019914 1.478032 2.07006 0.592028 0.350497
1.0 1.0 -1.0 -1.0 1.0 -1.0 1.0 -1.0 0.2 0.2 0.2 0.372992 0.552117 0.179125 0.032086 1.852019 2.482903 0.630884 0.398015
1.0 1.0 -1.0 -1.0 1.0 -1.0 1.0 -1.0 0.2 0.2 0.2 0.385394 0.552117 0.166723 0.027797 1.593091 2.482903 0.889812 0.791766
1.0 -1.215 0.0 0.0 0.0 0.0 0.0 0.0 0.676225 -0.8 -0.8 0.26177 0.113466 0.148304 0.021994 0.96537 0.399995 0.565375 0.319649
1.0 1.215 0.0 0.0 0.0 0.0 0.0 0.0 0.676225 -0.8 -0.8 0.350412 0.567316 0.216903 0.047047 1.784511 2.748954 0.964443 0.930151
1.0 0.0 -1.215 0.0 0.0 0.0 0.0 0.0 -0.8 0.676225 -0.8 0.336189 0.355745 0.019556 0.000382 1.195548 1.446129 0.250582 0.062791
1.0 0.0 1.215 0.0 0.0 0.0 0.0 0.0 -0.8 0.676225 -0.8 0.291297 0.329483 0.038186 0.001458 1.478811 1.680875 0.202064 0.04083
1.0 0.0 0.0 -1.215 0.0 0.0 0.0 0.0 -0.8 -0.8 0.676225 0.32771 0.359797 0.032087 0.00103 1.357219 1.702605 0.345386 0.119292
1.0 0.0 0.0 1.215 0.0 0.0 0.0 0.0 -0.8 -0.8 0.676225 0.276039 0.318534 0.042495 0.001806 1.081779 1.356011 0.274233 0.075203
1.0 0.0 0.0 0.0 0.0 0.0 0.0 0.0 -0.8 -0.8 -0.8 0.314503 0.368326 0.053823 0.002897 1.280602 1.629068 0.348466 0.121429